Version 0.9.7
5
 4 10 175 77 128 0 1
 5 80 400 206 81 2 2
 0 176 233 877 276 8 3
 3 232 61 203 58 140 5
 1 904 2 206 81 149 7
 0
42
 255 5 229 260 229 249 82 249 82 189 71 189 71 189 0 3 0 1
 0 5 229 494 229 494 93 494 93 262 71 262 71 262 0 3 0 1
 0 5 242 494 242 494 242 98 242 98 243 98 243 98 0 3 0 5
 255 5 671 299 671 299 671 299 671 260 671 260 671 260 0 3 0 3
 255 5 853 299 853 299 852 299 852 260 853 260 853 260 0 3 0 3
 33023 5 1093 39 1116 39 1116 93 684 93 684 299 684 299 0 7 0 3
 16744576 5 697 338 697 338 697 393 879 393 879 403 879 403 0 3 0 3
 33023 5 1093 13 1136 13 1136 140 826 140 826 299 827 299 0 7 0 3
 33023 5 866 338 866 338 866 338 827 338 827 338 827 338 0 3 0 3
 33023 5 879 325 879 325 879 325 827 325 827 325 827 325 0 3 0 3
 255 5 892 299 892 299 892 299 892 260 892 260 892 260 0 3 0 3
 255 5 919 13 919 13 919 44 867 44 867 260 879 260 0 7 0 3
 16711935 5 979 13 979 13 969 13 969 221 944 221 944 299 0 7 0 3
 16744448 5 1017 13 1027 13 1027 214 931 214 931 299 931 299 0 7 0 3
 4227327 5 918 338 918 338 1085 338 1085 39 1074 39 1074 39 0 3 0 7
 4227327 5 827 351 827 351 827 404 866 404 866 403 866 403 0 3 0 3
 0 5 892 442 892 442 892 442 892 494 892 494 892 494 0 3 0 3
 0 5 931 442 931 442 931 442 931 494 931 494 931 494 0 3 0 3
 0 5 944 442 944 442 944 442 944 494 944 494 944 494 0 3 0 3
 0 5 71 275 71 275 71 223 229 223 229 247 229 247 0 1 0 3
 255 5 71 228 71 231 105 231 105 481 229 481 229 481 0 1 0 3
 0 5 905 299 905 299 905 299 905 247 905 247 905 247 0 3 0 3
 255 5 853 442 853 442 853 442 853 481 853 481 853 481 0 3 0 3
 0 5 749 442 749 442 749 442 749 494 749 494 749 494 0 3 0 3
 0 5 918 247 918 247 918 71 918 71 919 71 919 71 0 3 0 7
 0 5 541 442 541 442 541 442 541 494 541 494 541 494 0 3 0 3
 255 5 450 299 450 299 450 299 450 260 450 260 450 260 0 3 0 3
 16711935 5 960 13 960 13 960 8 541 8 541 299 541 299 0 7 0 3
 16744448 5 998 13 998 13 998 2 528 2 528 299 528 299 0 7 0 3
 4227327 5 1074 26 1074 26 1074 19 515 19 515 299 515 299 0 7 0 3
 4227327 5 1093 26 1093 26 1093 31 593 31 593 299 593 299 0 7 0 3
 0 5 502 299 502 299 502 299 502 247 502 247 502 247 0 3 0 3
 255 5 489 299 489 299 489 299 489 260 489 260 489 260 0 3 0 3
 4227327 5 593 312 593 312 593 312 476 312 476 312 476 312 0 3 0 3
 4227327 5 593 325 593 325 593 323 463 323 463 325 463 325 0 3 0 3
 255 5 450 442 450 442 450 442 450 481 450 481 450 481 0 3 0 3
 4227327 5 593 338 593 338 593 338 463 338 463 403 463 403 0 3 0 3
 16744576 5 697 325 697 325 697 361 476 361 476 403 476 403 0 3 0 3
 0 5 489 442 489 442 489 442 489 494 489 494 489 494 0 3 0 3
 16777088 5 502 442 502 456 397 456 397 105 398 105 398 105 0 3 0 5
 0 5 528 442 528 442 528 442 528 494 528 494 528 494 0 3 0 3
 16777088 5 418 105 418 105 418 429 905 429 905 442 905 442 0 5 0 3
3
 7151 1 16 847 351 5 0 13523760 0 3
 7004 1 14 665 351 5 0 13523760 0 3
 7151 1 16 444 351 5 0 13523760 0 3
