Version 0.9.7
7
 4 238 320 77 128 0 1
 5 80 400 206 81 2 2
 0 317 176 877 276 8 3
 1 381 35 206 81 140 4
 1 693 35 206 81 150 5
 1 953 35 206 81 160 6
 3 463 519 203 58 170 7
 0
27
 255 5 299 334 299 334 302 334 302 190 370 190 370 190 0 1 0 3
 0 5 299 433 299 433 370 433 370 433 370 424 370 424 0 1 0 3
 0 5 708 104 708 104 708 143 1124 143 1124 424 1124 424 0 5 0 3
 0 5 968 104 968 104 968 143 1111 143 1111 424 1111 424 0 6 0 3
 255 5 396 190 396 190 374 190 374 46 396 46 396 46 0 3 0 4
 255 5 708 46 708 46 707 46 707 190 708 190 708 190 0 5 0 3
 255 5 968 46 968 46 968 46 968 190 968 190 968 190 0 6 0 3
 255 5 565 242 565 242 566 242 566 190 565 190 565 190 0 3 0 3
 0 5 708 385 708 385 708 385 708 424 708 424 708 424 0 3 0 3
 4259584 5 591 385 591 480 1180 480 1180 20 1085 20 1085 46 0 3 0 6
 4259584 5 1104 46 1104 20 1179 20 1179 479 604 479 604 372 0 6 0 3
 4259584 5 1123 46 1123 20 1179 20 1179 480 617 480 617 359 0 6 0 3
 4259584 5 1142 46 1142 20 1180 20 1180 480 630 480 630 346 0 6 0 3
 65793 5 409 424 409 424 409 556 409 556 474 556 474 556 0 3 0 7
 4227327 5 806 46 806 10 938 10 938 143 565 143 565 346 0 5 0 3
 4227327 5 787 46 787 10 938 10 938 143 591 143 591 242 0 5 0 3
 4227327 5 768 46 768 10 938 10 938 143 617 143 617 242 0 5 0 3
 4227327 5 749 46 749 10 938 10 938 143 643 143 643 242 0 5 0 3
 4194432 5 708 281 708 281 708 596 589 596 589 563 589 563 0 3 0 7
 4194432 5 695 385 695 385 708 385 708 596 609 596 609 563 0 3 0 7
 4194432 5 682 385 682 385 708 385 708 596 629 596 629 563 0 3 0 7
 4194432 5 669 385 669 385 708 385 708 596 649 596 649 563 0 3 0 7
 16744576 5 475 46 475 14 364 14 364 142 578 142 578 242 0 4 0 3
 16744576 5 604 242 604 142 363 142 363 14 456 14 456 46 0 3 0 4
 16744576 5 494 46 494 13 363 13 363 141 578 141 578 346 0 4 0 3
 16744576 5 437 46 437 13 364 13 364 142 630 142 630 242 0 4 0 3
 0 5 396 104 396 104 396 142 1137 142 1137 424 1137 424 0 4 0 3
1
 7181 1 24 559 294 5 0 13994560 0 3
