Version 0.9.7
6
 4 10 175 77 128 0 1
 5 80 400 206 81 2 2
 0 163 215 877 276 8 3
 1 1079 418 206 81 159 6
 6 708 9 449 130 171 7
 3 1084 234 203 58 206 8
 0
40
 255 5 71 189 84 189 84 132 216 132 216 229 216 229 0 1 0 3
 0 5 71 288 71 288 73 288 73 476 216 476 216 476 0 1 0 3
 255 5 724 36 724 36 229 36 229 36 229 229 229 229 0 7 0 3
 255 5 970 229 970 208 1061 208 1061 429 1094 429 1094 429 0 3 0 6
 0 5 983 476 983 476 983 487 983 487 1094 487 1094 487 0 3 0 6
 255 5 372 281 372 281 372 281 372 229 372 229 372 229 0 3 0 3
 255 5 71 202 71 202 107 202 107 463 216 463 216 463 0 1 0 3
 64 5 71 249 71 249 71 236 216 236 216 242 216 242 0 1 0 3
 8454016 5 385 281 385 281 385 142 810 142 810 132 810 132 0 3 0 7
 8454016 5 398 281 398 281 398 150 823 150 823 132 823 132 0 3 0 7
 8454016 5 411 281 411 281 411 157 745 157 745 132 745 132 0 3 0 7
 8454016 5 424 281 424 281 424 166 758 166 758 132 758 132 0 3 0 7
 8454016 5 437 281 437 281 437 176 771 176 771 132 771 132 0 3 0 7
 8454016 5 450 281 450 281 450 185 784 185 784 132 784 132 0 3 0 7
 8454016 5 463 281 463 281 463 195 797 195 797 132 797 132 0 3 0 7
 0 5 463 424 463 424 463 424 463 476 463 476 463 476 0 3 0 3
 16711680 5 671 385 671 385 671 370 1135 370 1135 429 1135 429 0 3 0 6
 16711680 5 697 385 697 385 697 377 1154 377 1154 429 1154 429 0 3 0 6
 16711680 5 762 385 762 385 762 383 1173 383 1173 429 1173 429 0 3 0 6
 16711680 5 749 320 749 320 749 312 1193 312 1193 429 1192 429 0 3 0 6
 33023 5 671 320 671 320 671 298 1211 298 1211 429 1211 429 0 3 0 6
 33023 5 749 398 749 398 749 399 1249 399 1249 429 1249 429 0 3 0 6
 33023 5 710 398 710 398 710 391 1230 391 1230 429 1230 429 0 3 0 6
 33023 5 736 320 736 320 736 304 1268 304 1268 429 1268 429 0 3 0 6
 255 5 723 424 723 424 723 424 723 463 723 463 723 463 0 3 0 3
 0 5 723 281 723 281 723 281 723 242 723 242 723 242 0 3 0 3
 16744703 5 762 320 762 320 762 327 450 327 450 385 450 385 0 3 0 3
 16744703 5 684 320 684 320 684 319 437 319 437 385 437 385 0 3 0 3
 16744703 5 684 385 684 385 684 400 385 400 385 385 385 385 0 3 0 3
 16744703 5 736 411 736 411 736 408 372 408 372 385 372 385 0 3 0 3
 65793 5 710 242 710 242 710 242 710 281 710 281 710 281 0 3 0 3
 16711680 5 1192 442 1192 442 1203 442 1203 278 1190 278 1190 278 0 6 0 8
 16711680 5 1173 442 1173 442 1181 442 1181 278 1170 278 1170 278 0 6 0 8
 16711680 5 1154 442 1154 442 1162 442 1162 278 1150 278 1150 278 0 6 0 8
 16711680 5 1135 442 1135 442 1144 442 1144 278 1130 278 1130 278 0 6 0 8
 4227327 5 1270 278 1270 278 1283 278 1283 442 1268 442 1268 442 0 8 0 6
 4227327 5 1250 278 1250 278 1258 278 1258 442 1249 442 1249 442 0 8 0 6
 4227327 5 1230 278 1230 278 1241 278 1241 442 1230 442 1230 442 0 8 0 6
 4227327 5 1210 278 1210 278 1222 278 1222 442 1211 442 1211 442 0 8 0 6
 0 5 970 476 970 476 1052 476 1052 271 1095 271 1095 271 0 3 0 8
2
 7047 1 16 366 333 5 0 13747040 0 3
 7083 1 16 665 333 5 0 13747040 0 3
