Version 0.9.7
5
 4 10 175 77 128 0 1
 5 100 400 206 81 2 2
 0 132 93 877 276 122 8
 1 184 495 206 81 262 9
 3 695 407 203 58 318 13
 0
23
 255 5 71 189 71 189 71 107 71 107 185 107 185 107 0 1 0 8
 65793 5 71 288 71 288 71 288 71 354 185 354 185 354 0 1 0 8
 0 5 315 302 315 302 315 302 315 354 315 354 315 354 0 8 0 8
 255 5 237 159 237 159 237 159 237 107 237 107 237 107 0 8 0 8
 255 5 419 159 419 159 419 159 419 107 419 107 419 107 0 8 0 8
 255 5 614 159 614 159 614 159 614 107 614 107 614 107 0 8 0 8
 65793 5 497 302 497 302 497 302 497 354 497 354 497 354 0 8 0 8
 65793 5 692 302 692 302 692 302 692 354 692 354 692 354 0 8 0 8
 16744448 5 240 506 240 506 237 506 237 506 237 263 237 263 0 9 0 8
 0 5 71 275 71 275 71 564 71 564 199 564 199 564 0 1 0 9
 255 5 71 202 71 202 71 506 71 506 199 506 199 506 0 1 0 9
 0 5 706 444 706 444 706 354 706 354 809 354 809 354 0 13 0 8
 16744448 5 259 506 259 506 259 506 250 506 250 263 250 263 0 9 0 8
 8454143 5 263 289 263 289 263 289 276 289 276 289 276 289 0 8 0 8
 16744448 5 278 506 278 506 288 506 288 289 289 289 289 289 0 9 0 8
 65535 5 302 289 302 289 302 485 741 485 741 451 741 451 0 8 0 13
 65535 5 263 276 263 276 263 276 419 276 419 276 419 276 0 8 0 8
 16744448 5 278 519 278 519 278 522 432 522 432 276 432 276 0 9 0 8
 65535 5 445 276 445 276 445 276 614 276 614 276 614 276 0 8 0 8
 16744448 5 240 519 240 519 240 513 458 513 458 289 458 289 0 9 0 8
 16744448 5 259 532 259 532 471 532 471 532 471 289 471 289 0 9 0 8
 65535 5 484 289 484 289 484 289 627 289 627 289 627 289 0 8 0 8
 65535 5 640 289 640 289 640 516 761 516 761 451 761 451 0 8 0 13
3
 7086 1 14 231 211 5 0 13688912 0 8
 7008 1 14 413 211 5 0 13688912 0 8
 7032 1 14 608 211 5 0 13688912 0 8
